98,25,105,25,105,34,98,34
144,24,189,24,189,37,144,37
189,24,240,26,239,42,188,40
366,28,400,28,400,41,366,41
400,30,416,30,416,40,400,40
414,26,465,26,465,40,414,40
;94,40,109,40,109,53,94,53
108,40,124,40,124,53,108,53
124,42,177,42,177,56,124,56
184,45,206,45,206,58,184,58
209,46,217,46,217,56,209,56
218,44,237,44,237,57,218,57
238,49,285,49,285,58,238,58
;97,57,130,57,130,69,97,69
140,56,166,56,166,69,140,69
168,60,190,60,190,72,168,72
194,59,251,63,250,74,194,70
254,62,285,62,285,76,254,76
322,57,382,57,382,78,322,78
383,60,410,58,411,74,384,76
414,54,446,54,446,70,414,70
450,54,466,54,466,69,450,69
472,52,508,52,508,69,472,69
;94,70,120,70,120,96,94,96
120,73,132,73,132,82,120,82
130,69,144,69,144,82,130,82
148,72,182,72,182,84,148,84
184,70,200,70,200,84,184,84
200,74,222,74,222,86,200,86
221,74,249,72,250,87,222,89
252,78,265,78,265,86,252,86
267,75,286,78,284,89,265,86
349,77,399,74,400,90,350,93
426,76,446,76,446,94,426,94
453,73,480,73,480,94,453,94
;94,95,143,96,142,111,94,109
122,88,136,88,136,96,122,96
139,86,182,85,183,98,140,100
194,89,257,89,257,99,194,99
260,92,284,92,284,102,260,102
373,95,461,97,461,117,372,114
;61,97,96,97,96,105,61,105
142,97,157,97,157,110,142,110
156,101,211,98,212,111,157,115
217,100,243,102,242,115,216,113
245,101,284,101,284,114,245,114
;69,108,90,108,90,116,69,116
94,110,122,110,122,124,94,124
128,114,150,114,150,128,128,128
153,117,165,117,165,125,153,125
166,117,181,117,181,125,166,125
185,114,222,114,222,126,185,126
222,117,248,117,248,130,222,130
250,115,284,117,283,134,249,131
;69,126,93,126,93,136,69,136
93,125,108,125,108,137,93,137
106,124,141,125,141,140,106,138
141,126,153,126,153,140,141,140
153,128,177,128,177,141,153,141
178,126,205,128,205,141,177,139
206,129,241,129,241,141,206,141
241,130,252,130,252,142,241,142
253,132,278,132,278,142,253,142
402,128,430,128,430,141,402,141
434,128,450,128,450,141,434,141
453,128,472,128,472,140,453,140
480,132,510,132,510,144,480,144
;94,140,116,140,116,152,94,152
117,144,124,144,124,153,117,153
124,140,142,140,142,153,124,153
145,141,177,141,177,153,145,153
196,142,229,142,229,158,196,158
230,144,242,144,242,156,230,156
244,144,282,144,282,157,244,157
409,142,430,142,430,156,409,156
438,141,511,140,512,154,438,156
;94,153,116,153,116,166,94,166
119,154,163,152,164,168,120,171
181,157,213,157,213,169,181,169
217,156,263,159,262,171,216,169
272,162,284,162,284,172,272,172
412,161,433,161,433,169,412,169
438,156,492,156,492,169,438,169
497,158,512,158,512,168,497,168
;96,172,116,172,116,180,96,180
115,169,165,165,166,181,116,184
166,169,186,169,186,182,166,182
186,170,214,170,214,182,186,182
222,174,244,174,244,184,222,184
248,174,270,174,270,188,248,188
412,174,422,174,422,184,412,184
424,172,466,172,466,184,424,184
466,174,478,174,478,184,466,184
480,173,512,173,512,184,480,184
;96,184,120,184,120,194,96,194
122,182,187,183,186,197,122,195
194,188,201,188,201,198,194,198
202,185,216,185,216,197,202,197
216,188,238,188,238,200,216,200
240,188,256,188,256,200,240,200
257,190,282,190,282,200,257,200
412,188,434,188,434,201,412,201
436,185,454,185,454,197,436,197
456,184,493,184,493,197,456,197
494,188,512,188,512,197,494,197
;96,198,108,198,108,208,96,208
109,197,166,199,166,210,109,208
168,198,209,198,209,210,168,210
213,198,248,198,248,212,213,212
254,200,282,200,282,213,254,213
411,199,450,197,451,211,412,213
457,202,472,202,472,212,457,212
473,201,497,201,497,213,473,213
497,198,509,198,509,210,497,210
;93,210,138,207,139,222,94,225
141,214,161,214,161,224,141,224
164,212,217,212,217,226,164,226
229,213,281,213,281,228,229,228
362,218,382,218,382,232,362,232
384,214,441,212,441,228,385,230
446,216,478,216,478,225,446,225
482,213,509,213,509,225,482,225
;94,228,108,228,108,236,94,236
109,224,125,224,125,236,109,236
128,222,168,224,167,238,127,237
170,228,201,228,201,241,170,241
208,226,228,226,228,240,208,240
229,228,248,228,248,240,229,240
325,221,359,218,360,230,326,233
325,229,363,231,362,244,324,242
364,229,384,229,384,242,364,242
413,230,440,230,440,241,413,241
441,230,464,230,464,240,441,240
465,226,510,226,510,240,465,240
;106,240,121,240,121,253,106,253
124,238,160,238,160,252,124,252
177,242,200,242,200,254,177,254
221,240,236,240,236,253,221,253
239,240,270,246,267,261,236,255
249,232,281,232,281,241,249,241
385,233,409,233,409,244,385,244
398,242,422,242,422,256,398,256
422,241,458,241,458,254,422,254
462,242,514,242,514,269,462,269
;133,253,158,253,158,265,133,265
204,244,217,244,217,253,204,253
326,246,372,246,372,257,326,257
374,248,396,248,396,256,374,256
;168,258,192,258,192,268,168,268
197,257,249,257,249,272,197,272
326,258,380,258,380,273,326,273
381,257,397,257,397,269,381,269
400,256,418,256,418,269,400,269
421,258,453,258,453,268,421,268
456,258,476,258,476,268,456,268
;150,270,165,270,165,280,150,280
165,268,185,268,185,281,165,281
185,269,224,269,224,281,185,281
326,271,355,273,354,285,326,283
354,275,397,267,400,283,357,291
413,269,466,269,466,282,413,282
470,270,516,270,516,281,470,281
;168,282,205,282,205,298,168,298
327,288,401,283,402,299,328,305
404,285,418,285,418,296,404,296
420,284,437,284,437,296,420,296
440,284,474,284,474,296,440,296
478,288,485,288,485,296,478,296
489,284,516,284,516,294,489,294
;328,302,368,302,368,316,328,316
369,300,385,300,385,312,369,312
385,300,422,300,422,312,385,312
425,300,448,300,448,313,425,313
449,297,478,297,478,310,449,310
478,300,517,300,517,312,478,312
;327,317,369,312,370,327,328,332
370,317,408,317,408,329,370,329
414,312,446,312,446,325,414,325
445,312,464,312,464,324,445,324
465,310,492,310,492,324,465,324
496,313,517,313,517,322,496,322
;330,330,341,330,341,341,330,341
342,332,365,332,365,341,342,341
365,332,378,332,378,340,365,340
385,328,394,328,394,340,385,340
396,326,417,326,417,340,396,340
424,326,432,326,432,338,424,338
432,325,458,325,458,338,432,338
460,329,473,329,473,338,460,338
473,325,517,325,517,340,473,340
;328,345,373,340,375,354,329,359
377,341,422,341,422,354,377,354
429,342,452,342,452,354,429,354
454,342,501,342,501,352,454,352
501,338,518,338,518,350,501,350
;330,360,341,360,341,369,330,369
341,356,380,356,380,369,341,369
380,358,396,358,396,368,380,368
396,354,437,352,437,366,397,368
437,354,450,354,450,366,437,366
454,353,492,353,492,366,454,366
500,357,506,357,506,366,500,366
505,353,518,353,518,365,505,365
;330,374,366,374,366,384,330,384
373,373,388,373,388,382,373,382
388,370,400,370,400,381,388,381
400,368,457,368,457,381,400,381
458,368,481,368,481,380,458,380
481,368,493,368,493,380,481,380
494,369,520,369,520,382,494,382
;230,388,277,388,277,402,230,402
437,386,449,386,449,398,437,398
454,390,462,390,462,400,454,400
504,386,522,386,522,400,504,400
;