89,33,106,30,108,41,91,44
137,27,236,32,235,47,136,42
372,25,418,25,418,37,372,37
417,24,470,24,470,38,417,38
;90,46,108,46,108,60,90,60
108,48,134,48,134,60,108,60
134,46,157,46,157,61,134,61
154,50,181,50,181,62,154,62
180,47,233,49,233,63,179,61
232,50,276,50,276,64,232,64
329,45,352,45,352,58,329,58
353,44,398,41,399,54,354,57
401,41,417,41,417,53,401,53
421,44,446,44,446,54,421,54
450,40,518,40,518,53,450,53
;52,61,80,61,80,72,52,72
80,61,89,61,89,69,80,69
89,61,108,61,108,73,89,73
108,61,134,61,134,74,108,74
141,62,161,62,161,74,141,74
161,62,235,64,234,80,160,78
329,60,373,60,373,69,329,69
372,56,384,56,384,69,372,69
385,56,426,56,426,68,385,68
426,54,442,54,442,68,426,68
442,54,484,54,484,68,442,68
492,58,498,58,498,69,492,69
497,54,512,54,512,66,497,66
;50,72,69,72,69,80,50,80
72,72,89,72,89,80,72,80
136,65,142,65,142,74,136,74
237,65,273,65,273,78,237,78
329,72,345,72,345,84,329,84
348,70,374,70,374,82,348,82
378,72,426,72,426,82,378,82
429,73,436,73,436,81,429,81
440,73,454,73,454,81,440,81
461,69,517,69,517,81,461,81
;56,82,72,82,72,90,56,90
73,84,82,84,82,89,73,89
89,77,109,77,109,88,89,88
109,76,132,76,132,89,109,89
133,76,157,76,157,88,133,88
158,80,166,80,166,92,158,92
168,81,174,81,174,89,168,89
177,81,206,81,206,90,177,90
205,77,252,77,252,92,205,92
257,81,278,81,278,92,257,92
374,84,404,84,404,96,374,96
405,84,433,84,433,96,405,96
434,82,473,82,473,96,434,96
470,82,513,82,513,96,470,96
;92,90,125,92,125,103,91,101
125,89,161,89,161,102,125,102
161,90,177,90,177,104,161,104
177,90,224,91,223,105,176,103
221,92,246,92,246,105,221,105
248,92,274,95,273,107,246,105
327,88,375,83,376,96,328,101
329,98,344,98,344,112,329,112
342,98,356,98,356,112,342,112
354,98,393,98,393,112,354,112
393,97,425,97,425,110,393,110
433,97,461,97,461,109,433,109
459,98,516,94,517,108,460,112
;89,105,109,105,109,116,89,116
106,104,125,104,125,116,106,116
125,102,169,105,169,118,124,115
170,104,252,107,251,121,170,118
253,108,273,108,273,120,253,120
426,101,433,101,433,110,426,110
481,110,516,110,516,124,481,124
;88,118,106,118,106,130,88,130
108,117,134,117,134,130,108,130
134,116,175,119,174,133,134,130
177,122,190,122,190,132,177,132
214,121,230,121,230,133,214,133
232,122,277,124,277,136,231,134
328,112,378,110,379,125,329,127
378,112,439,110,440,125,378,127
442,113,466,113,466,126,442,126
474,116,478,116,478,124,474,124
;87,134,139,131,140,143,88,147
154,134,203,132,204,146,154,148
190,124,214,124,214,132,190,132
229,134,261,134,261,148,229,148
329,126,430,124,430,138,329,140
429,124,466,124,466,138,429,138
466,125,482,125,482,137,466,137
484,125,518,125,518,137,484,137
;88,145,116,145,116,158,88,158
140,136,154,136,154,145,140,145
169,146,208,146,208,161,169,161
210,138,230,138,230,149,210,149
262,140,277,140,277,149,262,149
328,141,346,141,346,153,328,153
346,140,383,142,382,157,345,154
382,140,448,140,448,152,382,152
490,142,498,142,498,149,490,149
497,142,506,142,506,149,497,149
;115,149,141,146,142,160,117,163
145,149,166,149,166,161,145,161
212,149,248,149,248,161,212,161
248,156,254,156,254,162,248,162
257,154,265,154,265,164,257,164
344,154,385,154,385,169,344,169
386,153,418,153,418,166,386,166
421,153,448,153,448,166,421,166
448,153,469,153,469,166,448,166
474,153,492,153,492,165,474,165
496,157,518,157,518,168,496,168
;88,160,132,160,132,174,88,174
137,164,158,164,158,173,137,173
165,162,182,162,182,173,165,173
186,162,210,162,210,174,186,174
208,166,257,163,257,175,209,179
261,164,277,164,277,176,261,176
326,170,349,170,349,184,326,184
454,168,469,168,469,180,454,180
472,167,517,168,517,181,471,179
;88,172,156,175,155,189,87,186
158,176,173,176,173,188,158,188
174,177,214,177,214,189,174,189
216,174,278,180,276,195,214,189
353,173,410,170,411,182,353,185
372,182,417,182,417,194,372,194
414,172,436,172,436,181,414,181
418,182,436,182,436,194,418,194
440,172,453,172,453,180,440,180
494,180,517,180,517,193,494,193
;88,189,100,189,100,200,88,200
102,187,166,189,166,205,102,203
166,189,204,189,204,202,166,202
206,190,248,190,248,204,206,204
329,185,352,185,352,198,329,198
353,185,372,185,372,196,353,196
432,193,476,197,475,211,431,207
437,186,491,181,492,193,438,197
477,194,498,194,498,208,477,208
498,194,514,194,514,208,498,208
;56,197,86,197,86,206,56,206
87,206,115,204,116,215,88,217
117,202,145,202,145,216,117,216
146,202,166,202,166,216,146,216
170,204,192,204,192,216,170,216
196,204,227,209,226,220,194,215
234,206,249,206,249,218,234,218
250,196,276,196,276,204,250,204
254,205,277,205,277,218,254,218
328,201,376,201,376,210,328,210
377,196,409,198,409,211,376,209
410,196,430,196,430,209,410,209
521,201,556,201,556,212,521,212
;50,208,81,208,81,217,50,217
89,217,144,218,143,230,89,229
157,217,194,217,194,230,157,230
197,218,212,218,212,230,197,230
213,218,232,218,232,230,213,230
329,212,393,214,393,227,329,225
394,212,412,212,412,224,394,224
413,213,428,213,428,224,413,224
428,210,440,210,440,222,428,222
440,209,478,209,478,225,440,225
486,213,502,213,502,222,486,222
504,213,518,213,518,222,504,222
522,210,555,213,554,223,521,219
;144,221,157,221,157,229,144,229
232,222,277,220,277,233,233,234
332,225,397,229,396,241,331,237
398,228,412,228,412,237,398,237
412,224,434,224,434,237,412,237
437,228,469,228,469,238,437,238
470,224,486,224,486,237,470,237
488,226,518,226,518,236,488,236
521,222,542,222,542,230,521,230
;86,233,140,233,140,246,86,246
140,233,202,233,202,244,140,244
202,233,220,233,220,245,202,245
222,233,233,233,233,245,222,245
234,237,256,237,256,246,234,246
256,236,274,236,274,246,256,246
332,239,380,241,379,253,331,251
382,240,408,241,407,252,382,250
406,237,434,237,434,250,406,250
434,237,498,239,498,252,434,250
498,237,517,237,517,250,498,250
521,242,538,242,538,253,521,253
;88,248,137,248,137,258,88,258
186,252,197,252,197,258,186,258
329,254,362,257,361,267,328,263
363,254,411,250,412,265,364,269
412,254,434,254,434,266,412,266
472,253,514,253,514,266,472,266
534,254,558,254,558,262,534,262
541,245,556,245,556,253,541,253
;100,258,130,258,130,272,100,272
129,260,165,260,165,273,129,273
168,260,202,260,202,273,168,273
208,264,250,264,250,273,208,273
254,265,274,265,274,274,254,274
381,265,420,265,420,278,381,278
434,256,469,256,469,265,434,265
466,265,496,265,496,278,466,278
521,263,551,265,550,273,520,271
;85,270,125,273,125,287,84,284
126,277,169,277,169,286,126,286
169,274,185,274,185,286,169,286
185,276,225,276,225,286,185,286
228,277,270,277,270,288,228,288
329,270,365,270,365,280,329,280
424,269,442,269,442,278,424,278
440,268,464,268,464,293,440,293
460,278,520,281,519,296,459,293
500,269,520,269,520,278,500,278
;86,288,105,288,105,300,86,300
110,289,137,289,137,302,110,302
156,286,193,290,191,304,154,299
330,281,341,281,341,293,330,293
341,279,395,280,394,295,341,293
396,281,410,281,410,293,396,293
414,282,437,282,437,294,414,294
;140,290,156,290,156,300,140,300
194,290,202,290,202,300,194,300
206,293,274,293,274,304,206,304
328,294,353,294,353,308,328,308
356,296,405,296,405,306,356,306
422,297,437,297,437,306,422,306
440,295,476,298,475,312,438,309
478,294,518,294,518,308,478,308
;88,305,101,305,101,313,88,313
101,301,114,301,114,313,101,313
114,305,138,305,138,314,114,314
140,302,180,302,180,314,140,314
189,306,220,306,220,316,189,316
222,302,265,304,265,317,222,315
328,308,341,308,341,321,328,321
341,310,364,310,364,324,341,324
377,308,393,308,393,321,377,321
393,308,409,308,409,321,393,321
410,309,440,309,440,321,410,321
438,308,452,308,452,320,438,320
453,308,484,308,484,320,453,320
482,308,517,308,517,321,482,321
;86,316,130,316,130,328,86,328
329,322,356,322,356,336,329,336
365,313,377,313,377,321,365,321
438,322,498,322,498,334,438,334
504,322,518,322,518,334,504,334
;98,329,114,329,114,342,98,342
117,329,173,329,173,344,117,344
197,330,240,330,240,344,197,344
240,330,275,332,274,345,239,343
328,334,358,339,356,352,326,348
356,326,378,326,378,337,356,337
372,336,389,336,389,349,372,349
381,326,393,326,393,336,381,336
394,326,436,320,438,334,396,339
520,336,536,336,536,344,520,344
;85,344,132,344,132,356,85,356
166,346,245,343,245,357,166,360
356,337,372,337,372,349,356,349
390,341,411,339,412,349,390,351
411,337,475,333,476,349,412,353
477,337,488,337,488,349,477,349
486,337,498,337,498,349,486,349
497,337,517,337,517,353,497,353
537,338,554,338,554,346,537,346
;84,357,110,360,108,373,82,370
112,358,169,358,169,370,112,370
141,348,161,348,161,357,141,357
182,358,246,358,246,372,182,372
252,348,274,348,274,360,252,360
330,353,346,353,346,362,330,362
346,354,386,354,386,365,346,365
386,350,424,350,424,362,386,362
425,349,460,349,460,362,425,362
461,351,502,354,501,366,460,362
529,348,550,348,550,356,529,356
;84,369,171,373,170,388,83,385
217,371,274,371,274,386,217,386
253,362,273,362,273,372,253,372
340,364,384,364,384,378,340,378
384,365,422,365,422,377,384,377
422,365,440,365,440,377,422,377
438,365,498,365,498,381,438,381
498,364,513,364,513,377,498,377
;170,376,185,376,185,385,170,385
181,376,207,374,209,387,183,389
210,377,217,377,217,386,210,386
470,385,520,385,520,396,470,396
;249,394,272,394,272,409,249,409
;