96,30,102,30,102,41,96,41
138,28,184,30,183,43,138,41
186,31,235,33,234,44,186,42
369,30,414,30,414,44,369,44
416,29,468,29,468,44,416,44
;93,52,113,52,113,61,93,61
120,50,142,50,142,62,120,62
146,52,197,52,197,62,146,62
208,53,233,53,233,64,208,64
237,51,256,53,255,63,236,61
261,54,282,54,282,62,261,62
326,50,360,50,360,62,326,62
364,48,381,48,381,61,364,61
381,47,412,49,411,61,380,59
432,46,450,46,450,60,432,60
452,50,473,50,473,60,452,60
476,49,498,49,498,58,476,58
498,46,510,46,510,57,498,57
;94,65,112,65,112,74,94,74
114,64,137,64,137,77,114,77
141,62,200,62,200,76,141,76
201,62,234,62,234,76,201,76
236,64,250,64,250,76,236,76
252,64,278,64,278,77,252,77
324,63,348,65,347,77,323,75
349,65,417,63,417,74,349,76
418,65,424,65,424,74,418,74
425,60,454,64,452,79,423,74
454,61,465,61,465,73,454,73
464,60,512,60,512,73,464,73
;94,78,142,78,142,89,94,89
144,77,206,77,206,92,144,92
221,77,282,77,282,90,221,90
324,77,340,77,340,90,324,90
344,78,390,78,390,89,344,89
396,78,441,78,441,90,396,90
456,78,474,78,474,88,456,88
476,73,512,73,512,89,476,89
;92,90,127,88,128,103,93,106
129,90,145,90,145,104,129,104
145,90,158,90,158,102,145,102
161,90,209,90,209,104,161,104
216,92,240,92,240,104,216,104
244,93,265,93,265,105,244,105
266,92,282,92,282,105,266,105
326,94,357,94,357,104,326,104
361,94,409,94,409,106,361,106
418,93,451,91,452,101,418,103
456,90,470,90,470,101,456,101
469,88,488,88,488,101,469,101
489,90,513,88,514,101,490,103
;108,104,164,104,164,117,108,117
182,109,217,109,217,118,182,118
221,109,241,109,241,118,221,118
245,108,268,108,268,121,245,121
269,106,282,106,282,118,269,118
326,109,375,107,376,117,326,119
377,104,398,104,398,117,377,117
401,104,428,104,428,117,401,117
430,104,444,104,444,116,430,116
444,103,470,101,471,114,445,116
474,105,485,105,485,114,474,114
485,104,512,99,515,113,488,118
;93,117,128,117,128,130,93,130
136,120,185,120,185,132,136,132
186,121,208,121,208,134,186,134
209,124,241,124,241,132,209,132
245,124,281,124,281,133,245,133
325,120,341,120,341,132,325,132
341,118,360,118,360,132,341,132
360,118,404,118,404,132,360,132
405,118,437,118,437,130,405,130
438,118,446,118,446,130,438,130
446,124,453,124,453,132,446,132
454,121,462,121,462,132,454,132
461,116,478,116,478,129,461,129
481,120,513,120,513,129,481,129
;93,132,125,132,125,145,93,145
125,132,141,132,141,145,125,145
141,133,194,133,194,146,141,146
194,136,217,136,217,148,194,148
218,133,237,133,237,146,218,146
237,134,280,134,280,146,237,146
328,137,341,137,341,146,328,146
344,133,356,133,356,145,344,145
358,136,390,136,390,145,358,145
400,136,420,136,420,145,400,145
422,133,445,133,445,146,422,146
448,130,465,130,465,144,448,144
468,135,512,129,514,142,469,147
;93,149,114,149,114,158,93,158
132,146,216,146,216,160,132,160
224,152,244,152,244,160,224,160
245,148,258,148,258,160,245,160
260,150,281,150,281,164,260,164
325,148,338,148,338,160,325,160
342,149,365,149,365,162,342,162
368,150,386,150,386,160,368,160
388,146,466,146,466,162,388,162
467,145,510,141,511,156,469,160
;92,161,133,161,133,176,92,176
133,161,146,161,146,173,133,173
146,163,221,161,221,175,146,177
222,165,248,165,248,177,222,177
249,165,262,165,262,174,249,174
264,166,278,166,278,174,264,174
328,160,381,162,381,177,327,175
384,161,417,161,417,173,384,173
421,164,450,164,450,173,421,173
457,161,501,161,501,186,457,186
481,158,514,158,514,170,481,170
;93,174,112,174,112,188,93,188
113,174,130,174,130,186,113,186
133,176,162,176,162,188,133,188
163,177,207,172,209,187,165,192
210,174,255,176,254,189,210,187
257,175,280,177,279,189,256,187
327,180,362,176,363,188,328,192
362,176,377,176,377,188,362,188
378,176,422,176,422,188,378,188
424,176,438,176,438,188,424,188
438,173,457,173,457,186,438,186
500,172,514,172,514,184,500,184
;65,190,81,190,81,200,65,200
93,190,108,190,108,201,93,201
110,189,118,189,118,201,110,201
117,189,160,189,160,201,117,201
166,193,198,193,198,202,166,202
198,190,225,190,225,202,198,202
225,189,246,189,246,202,225,202
249,192,258,192,258,202,249,202
256,189,282,189,282,218,256,218
326,193,345,193,345,202,326,202
345,189,396,189,396,202,345,202
373,196,413,196,413,216,373,216
402,193,409,193,409,204,402,204
410,189,425,189,425,201,410,201
426,192,442,192,442,201,426,201
442,189,474,189,474,216,442,216
473,186,516,186,516,201,473,201
;56,201,84,201,84,210,56,210
92,202,109,202,109,214,92,214
116,206,124,206,124,217,116,217
124,202,160,202,160,216,124,216
162,202,177,202,177,216,162,216
177,202,196,202,196,216,177,216
197,206,220,206,220,218,197,218
220,204,256,204,256,217,220,217
328,206,341,206,341,216,328,216
342,208,373,208,373,216,342,216
420,206,425,206,425,216,420,216
424,202,461,202,461,230,424,230
468,201,497,201,497,213,468,213
498,204,516,204,516,213,498,213
;54,221,74,221,74,233,54,233
76,224,88,224,88,233,76,233
93,220,108,220,108,228,93,228
110,218,173,218,173,229,110,229
172,217,185,217,185,229,172,229
185,217,219,221,218,233,184,229
218,220,233,220,233,230,218,230
236,222,257,222,257,233,236,233
257,220,280,220,280,230,257,230
328,218,354,218,354,230,328,230
356,220,381,220,381,230,356,230
382,221,396,221,396,230,382,230
400,218,421,218,421,229,400,229
460,217,465,217,465,226,460,226
465,214,517,214,517,229,465,229
;93,233,112,233,112,242,93,242
112,228,159,231,158,245,111,242
166,232,178,232,178,244,166,244
177,233,225,229,225,243,178,247
226,236,241,236,241,244,226,244
241,232,254,232,254,244,241,244
257,234,280,234,280,245,257,245
329,232,362,232,362,246,329,246
362,232,378,232,378,244,362,244
378,232,396,232,396,244,378,244
396,232,437,232,437,244,396,244
438,234,452,234,452,242,438,242
453,229,496,229,496,244,453,244
497,230,516,230,516,244,497,244
;92,246,115,248,114,258,91,256
113,246,132,246,132,257,113,257
132,244,168,244,168,257,132,257
176,249,201,249,201,260,176,260
202,249,222,249,222,258,202,258
221,245,268,245,268,258,221,258
268,246,280,246,280,258,268,258
330,248,341,248,341,257,330,257
342,246,397,246,397,258,342,258
398,245,414,245,414,257,398,257
413,245,432,245,432,257,413,257
433,241,479,243,478,257,432,255
489,244,513,244,513,254,489,254
;92,258,148,258,148,272,92,272
152,261,166,261,166,272,152,272
170,261,204,261,204,272,170,272
225,262,270,258,271,272,227,277
329,260,390,257,391,271,330,274
394,262,409,262,409,272,394,272
414,262,428,262,428,272,414,272
432,258,458,258,458,270,432,270
464,256,518,256,518,269,464,269
;92,272,121,272,121,285,92,285
126,277,162,277,162,285,126,285
164,274,172,274,172,286,164,286
170,273,192,273,192,285,170,285
193,277,208,277,208,286,193,286
209,276,250,276,250,286,209,286
252,274,280,274,280,286,252,286
337,275,381,273,381,285,337,286
388,277,400,277,400,285,388,285
401,276,432,276,432,285,401,285
434,274,478,274,478,288,434,288
478,273,507,269,509,283,480,287
508,272,518,272,518,282,508,282
;90,286,138,286,138,300,90,300
146,292,153,292,153,302,146,302
156,288,197,290,197,302,155,299
202,290,221,290,221,300,202,300
220,289,261,289,261,300,220,300
265,290,280,290,280,300,265,300
330,286,372,286,372,300,330,300
372,288,386,288,386,300,372,300
386,286,405,286,405,300,386,300
408,289,441,289,441,298,408,298
448,288,473,288,473,301,448,301
474,286,496,286,496,298,474,298
498,288,518,288,518,297,498,297
;92,301,125,301,125,313,92,313
134,305,153,305,153,316,134,316
151,300,197,298,197,313,152,315
201,305,226,305,226,314,201,314
229,302,241,302,241,314,229,314
244,301,276,301,276,314,244,314
332,302,370,305,369,316,331,313
370,301,398,301,398,314,370,314
398,301,416,301,416,313,398,313
416,299,461,301,461,315,415,313
462,300,474,300,474,312,462,312
477,300,516,300,516,312,477,312
;92,316,108,316,108,328,92,328
109,317,116,317,116,328,109,328
116,318,130,318,130,328,116,328
132,314,158,314,158,328,132,328
160,314,185,314,185,328,160,328
197,316,224,316,224,328,197,328
233,320,262,320,262,329,233,329
261,317,278,317,278,329,261,329
333,317,381,317,381,328,333,328
381,317,404,317,404,330,381,330
404,314,438,314,438,328,404,328
443,317,494,313,495,325,444,328
496,314,518,314,518,326,496,326
;89,332,126,327,127,341,91,346
125,329,144,329,144,341,125,341
150,330,200,330,200,342,150,342
202,330,214,330,214,342,202,342
217,329,250,329,250,342,217,342
252,334,258,334,258,342,252,342
261,330,278,330,278,342,261,342
333,333,378,333,378,342,333,342
382,332,406,329,407,342,384,345
405,329,417,329,417,341,405,341
417,328,442,328,442,341,417,341
441,328,461,328,461,341,441,341
462,328,494,328,494,340,462,340
496,329,516,329,516,342,496,342
;92,344,141,344,141,356,92,356
149,346,178,346,178,356,149,356
178,344,212,344,212,356,178,356
214,346,241,346,241,360,214,360
245,348,265,348,265,360,245,360
265,344,278,344,278,356,265,356
332,344,348,344,348,356,332,356
349,345,369,345,369,357,349,357
370,348,449,343,449,354,370,359
450,345,470,345,470,354,450,354
473,340,502,343,501,355,472,353
500,341,516,341,516,353,500,353
;90,356,136,356,136,370,90,370
144,361,169,361,169,370,144,370
169,357,240,357,240,370,169,370
244,359,277,360,277,372,243,370
333,356,355,358,354,371,332,369
360,358,374,358,374,370,360,370
374,357,390,357,390,370,374,370
390,357,408,357,408,370,390,370
410,361,425,361,425,370,410,370
429,358,478,358,478,369,429,369
482,356,521,356,521,368,482,368
;102,370,164,370,164,384,102,384
176,372,212,375,211,387,175,383
216,376,236,376,236,384,216,384
240,376,278,376,278,385,240,385
333,372,353,372,353,384,333,384
353,372,369,372,369,385,353,385
369,372,416,372,416,385,369,385
422,373,464,373,464,386,422,386
466,370,478,370,478,382,466,382
480,372,520,372,520,384,480,384
;240,393,277,393,277,404,240,404
497,390,525,390,525,400,497,400
;